I-93 North of Boston
Northbound: [5587, 5574, 5572, 5511, 5556]
Southbound: [5557, 5559, 5573, 5575, 5588]

Route 3 South of Boston
Northbound: [10193, 10190, 10189, 10188, 10187, 14669, 5506]
Southbound: [14670, 10182, 10181, 10180, 10179, 10178, 5501]

I-90 West of Boston
Westbound: [10088, 10086, 10085, 10389, 10386, 10385, 10382, 10357, 10356]
Eastbound: [10361, 10499, 10379, 10376, 10375, 10374, 10238, 10083, 10082]

Route 6 on Cape Cod
Westbound: [14681, 14697, 14679, 14691, 14683, 14685, 14687, 14689, 14693, 14695, 14717, 14722]
Eastbound: [14686, 14680, 14690, 14682, 14692, 14684, 14698, 14688, 14694, 14748, 14696, 14747]